y0 = [0.0 0.0 0.0 0.0 0.0 0.0 0.0 0.0 0.0 0.0 0.0 0.0 1.3389615783488469 5.3558463133953875 13.389615783488468 26.779231566976936 46.86365524220964 66.94807891744234 87.03250259267504 107.11692626790774 127.20134994314044 147.28577361837316 167.37019729360586 187.45462096883855 207.53904464407125 227.62346831930395 247.70789199453665 267.7923156697694 ];
y1 = [0.0 0.0 0.0 0.0 0.0 0.0 0.0 0.0 0.0 0.0 0.0 0.0 0.9914293802078432 3.965717520831373 9.914293802078433 19.828587604156866 34.700028307274515 55.52004529163922 76.34006227600393 97.16007926036865 117.98009624473336 138.80011322909806 159.62013021346277 180.44014719782749 201.2601641821922 222.0801811665569 242.90019815092163 ];
